board: 
2221112222222222222112232223222221230001111331212000121111000000
2111110010122100223222222222222221000000111112100000000011000001
2110110000011000111222211111112121000000111122211000000011000000
2100011000001100011111110011011121000000111112222101111121000000
2100011100000100001100000111011111000000111111223222222222000110
2100001110001000000100001111111110000000111111222222333222102221
2000001111101100000111111111111100000000111111111222333222223332
2000001101111110000001111110011110000000111111111222233322233222
2000000101100111000001001110011110000000111111111111223210012111
1000000000100110000000000100011110000000111100121001222000000000
1000000000000110000000000100011110000000111100110000000000000000
2100000000000000000000000111111110000001111000000000000000000000
2200001111000000001111111100001110000001111000000000000000000000
2310012333200000001222221111111110000001121000000000000000010000
2322222333331000012333333222222211000001122100000000000000000000
2333322211221100001222221111333321000001122210000000000000000011
2333333222222100000001110001233221000001122211111000000001100111
2333333333333100000000000000111110000001122221113111110001101111
2333333333223101000000000000011100000001122221112321110001111111
2333333333100101100000000000011100000001222221112220010001110011
2333333332000000000000000000010000000001222222122210011011110001
2333333333100000000100001111100000000001222222112211001112210012
2222222332211100000011101223210011000001222222112221000112211122
2222222222221110000012111222221121000001222222211110001122112223
2222222222222111210011100122221221000001222222200000011222112223
2222222222222222220011100111222221000001222222211111122222222211
2222222222222222221011100011111111000001222222222222232321121111
2222222222222222221011100011001110000001222222222222212210100112
2222222222222222232111000010000000000001112222223332112200101233
2222222222222222222100000000010000000000001111111211111101111111
2222222222222222222100000010110110000000000000001100110001110000
2222222222222222222200000121100000000000000000001100111001210000
2232222222222222222210000121010000000000000000000000110000110000
2333332100011222332221012222111000000000000000011100110001111000
2333310001111123320001111223211110000000111100001211110111111100
2333210112222222200000112111111111000011213311000100001111111210
2333111222222222210001111000111101001112301211000000011111111121
2332222333222212221011110110111110111223200000001001112111111111
2223333333333221222111111110000000001233210122111111222111111121
2333333222333321122232111110000000011333310222221111221111111121
2333333222333333122232111100122111122333310221111112222211111122
2333333323333333123332111101333332232333310111211122222211111112
2333333333333333213332111101333322122233310111121111222211111112
2333333333333333313332111101223311112233310111111012222111111112
2333333333333333313332111101112211111233310111100233332211111112
2333333333333333312321111101111212222232210000012333332211111113
2333333333333333312321111101112221112110000001231233332211111112
2333333333333333312311111001111220011012100013332233332221111112
2333333333332233211321000000000000000023100133332233332221111112
2333333333332100001321110000000011111011010233332233332221111123
2333333333333321110231110000111211122111210233332233333222221233
2333333333333333320231100001111211122112310233331233333322222333
2333333333333333310232111011111222122223320233331333333333333333
2333333333333333311231111111111113221223331133332333333333333333
2333333333333333212232211111233333212223332123333333333333333332
2333333333333333122232221111233323112133333323333333333222232222
2333333333333333132333221111222112122233333333333323222222233222
2333333333333333232333332112211122111233333333233322222222222222
2333333333333333333333332211221121122232222222222322222222222222
2333333333333333333333333322222222233233222221122222222222222222
2333333333333333333333333333333333322232222221122222222222222222
2333333333333333333322223333333322322222221222222222222222222222
3333333333333333222222222222222222222222221212222222222222222222
3333333332333112222222222222222222222222222222222211110010000000
